g0=[ 383, 436, 278; 384, 435, 282; 384, 435, 247; 384, 435, 234; 384, 435, 225; 384, 435, 219; 385, 435, 216; 384, 436, 213; 384, 435, 211; 384, 436, 209; 384, 436, 206; 383, 436, 204; 383, 436, 202; 383, 437, 207; 382, 438, 213; 383, 440, 237; 382, 441, 326];
g1=[ 385, 444, 232; 386, 442, 221; 386, 441, 213; 386, 441, 205; 386, 442, 201; 386, 441, 200; 387, 441, 198; 386, 442, 197; 386, 441, 200; 387, 441, 203; 387, 441, 209; 387, 442, 218; 387, 443, 243; 390, 444, 324];
g2=[ 381, 447, 265; 380, 448, 238; 379, 448, 213; 377, 448, 198; 379, 448, 188; 379, 448, 182; 379, 447, 177; 380, 448, 176; 379, 448, 174; 380, 447, 172; 380, 447, 172; 380, 446, 170; 381, 445, 169; 382, 445, 169; 382, 444, 169; 383, 444, 168; 383, 444, 170; 383, 445, 168; 383, 445, 165; 383, 446, 166; 384, 445, 164; 383, 445, 164; 383, 445, 163; 383, 445, 163; 384, 445, 163; 384, 445, 162; 383, 445, 162; 384, 445, 163; 384, 446, 164; 385, 445, 163; 386, 444, 165; 386, 444, 167; 388, 442, 169; 385, 442, 171; 384, 442, 175; 383, 442, 179; 382, 443, 188; 382, 445, 210];
g3=[ 381, 445, 448; 377, 443, 233; 377, 443, 212; 378, 443, 197; 378, 442, 187; 378, 442, 181; 378, 442, 177; 379, 443, 176; 378, 443, 174; 379, 443, 174; 379, 443, 173; 379, 442, 171; 379, 443, 171; 380, 443, 168; 380, 442, 167; 380, 443, 166; 380, 443, 166; 380, 443, 163; 380, 443, 163; 380, 444, 164; 380, 443, 163; 381, 444, 163; 381, 444, 161; 383, 444, 162; 381, 444, 161; 381, 445, 162; 381, 444, 161; 381, 445, 162; 381, 444, 162; 382, 444, 162; 381, 444, 162; 381, 444, 162; 381, 444, 162; 382, 444, 163; 382, 443, 163; 382, 444, 164; 383, 443, 167; 384, 442, 169; 383, 442, 172; 383, 442, 175; 384, 442, 181; 383, 443, 188; 383, 445, 209; 379, 451, 369];
g4=[ 392, 436, 457; 391, 431, 287; 390, 432, 248; 390, 432, 237; 390, 432, 230; 390, 432, 226; 390, 431, 222; 390, 432, 220; 390, 431, 218; 390, 431, 217; 390, 432, 215; 390, 431, 213; 390, 432, 212; 389, 432, 212; 389, 431, 211; 389, 432, 208; 389, 431, 209; 389, 431, 206; 389, 432, 206; 389, 431, 205; 389, 431, 206; 389, 431, 206; 389, 431, 206; 389, 431, 205; 389, 431, 205; 389, 431, 206; 389, 431, 203; 389, 431, 202; 390, 432, 204; 389, 431, 205; 389, 431, 204; 390, 432, 202; 389, 431, 204; 389, 431, 204; 389, 431, 204; 388, 431, 201; 389, 431, 203; 389, 431, 202; 390, 431, 201; 389, 431, 201; 389, 431, 201; 388, 431, 200; 389, 431, 201; 389, 432, 199; 389, 431, 199; 390, 431, 200; 390, 432, 201; 390, 431, 199; 389, 431, 201; 389, 432, 201; 388, 431, 199; 389, 431, 200; 389, 431, 199; 389, 431, 198; 389, 431, 198; 390, 431, 198; 390, 431, 197; 390, 431, 199; 389, 431, 197; 390, 431, 198; 390, 431, 199; 389, 431, 197; 389, 431, 197; 390, 432, 197; 390, 431, 196; 389, 431, 196; 390, 431, 196; 389, 431, 196; 390, 431, 197; 390, 431, 196; 390, 431, 197; 390, 432, 196; 390, 431, 196; 390, 431, 195; 390, 431, 195; 390, 431, 195; 390, 430, 195; 390, 431, 196; 390, 431, 196; 390, 431, 201; 390, 431, 213; 389, 431, 240; 388, 435, 381];
g5=[ 372, 436, 271; 373, 432, 235; 374, 431, 215; 374, 431, 211; 375, 432, 208; 375, 431, 205; 376, 431, 202; 375, 432, 201; 376, 432, 202; 376, 432, 201; 376, 432, 201; 376, 432, 201; 376, 432, 200; 376, 432, 199; 377, 432, 197; 377, 432, 197; 376, 432, 196; 376, 432, 194; 377, 432, 194; 377, 431, 194; 376, 431, 194; 377, 432, 192; 377, 431, 192; 377, 432, 191; 377, 432, 192; 377, 431, 192; 377, 431, 191; 377, 431, 191; 377, 431, 191; 376, 432, 191; 376, 431, 189; 377, 431, 188; 376, 430, 189; 376, 431, 189; 377, 431, 189; 377, 430, 189; 377, 431, 188; 376, 431, 189; 376, 430, 189; 377, 430, 188; 377, 430, 187; 376, 431, 189; 377, 430, 190; 377, 431, 190; 377, 430, 189; 377, 431, 187; 377, 431, 188; 377, 431, 185; 377, 431, 189; 377, 431, 190; 377, 430, 187; 377, 430, 187; 377, 430, 187; 377, 430, 187; 377, 430, 188; 377, 430, 188; 377, 431, 187; 376, 430, 188; 377, 430, 187; 377, 429, 187; 377, 430, 187; 377, 430, 187; 377, 430, 188; 377, 429, 187; 377, 430, 188; 377, 430, 187; 377, 430, 188; 377, 430, 189; 377, 430, 186; 377, 430, 187; 379, 430, 189; 377, 430, 186; 377, 429, 188; 376, 430, 188; 377, 430, 188; 377, 430, 188; 377, 429, 186; 377, 430, 186; 377, 430, 186; 377, 429, 186; 377, 429, 186; 377, 430, 186; 376, 429, 186; 377, 430, 185; 376, 429, 185; 376, 429, 185; 377, 429, 184; 377, 429, 186; 376, 429, 183; 376, 429, 183; 376, 429, 183; 376, 429, 185; 376, 429, 184; 376, 429, 183; 376, 429, 184; 376, 429, 184; 376, 428, 183; 376, 429, 183; 377, 429, 184; 377, 429, 184; 376, 429, 183; 376, 429, 184; 376, 429, 184; 376, 429, 184; 376, 429, 183; 376, 429, 184; 376, 428, 183; 377, 427, 187; 376, 427, 189; 375, 427, 196; 375, 427, 219; 372, 432, 396];
g6=[ 398, 419, 220; 398, 419, 213; 399, 419, 209; 399, 420, 209; 399, 420, 207; 399, 421, 207; 399, 421, 206; 399, 420, 206; 399, 420, 207; 399, 419, 209; 396, 420, 205; 400, 420, 206; 399, 420, 206; 399, 420, 206; 400, 420, 205; 400, 420, 203; 400, 420, 205; 400, 420, 203; 400, 421, 201; 399, 421, 203; 400, 421, 200; 399, 422, 202; 398, 422, 199; 398, 423, 200; 398, 423, 199; 398, 423, 201; 397, 423, 199; 397, 424, 198; 397, 424, 197; 397, 424, 197; 397, 424, 196; 397, 424, 196; 396, 424, 196; 396, 425, 195; 396, 424, 195; 396, 424, 194; 396, 425, 193; 395, 425, 193; 396, 425, 193; 395, 424, 192; 395, 425, 193; 395, 425, 191; 395, 425, 190; 395, 425, 190; 395, 424, 190; 396, 424, 194; 397, 425, 194; 397, 424, 196; 396, 424, 194; 397, 425, 194; 398, 425, 195; 397, 424, 196; 398, 424, 196; 398, 424, 196; 398, 423, 195; 400, 423, 195; 400, 423, 197; 400, 423, 198; 401, 423, 199; 401, 423, 199; 401, 423, 199; 402, 423, 198; 402, 423, 198; 403, 423, 199; 404, 423, 198; 406, 425, 201; 412, 431, 202; 422, 440, 195; 437, 451, 176; 460, 462, 153; 498, 473, 113; 564, 507, 234];
g7=[ 372, 420, 286; 370, 420, 275; 370, 420, 234; 369, 420, 220; 369, 421, 214; 368, 422, 208; 368, 421, 204; 367, 423, 200; 367, 422, 198; 367, 422, 196; 368, 423, 194; 367, 423, 194; 367, 423, 192; 368, 423, 191; 367, 424, 190; 367, 423, 190; 367, 423, 191; 367, 424, 190; 367, 422, 190; 368, 423, 192; 367, 423, 190; 368, 423, 193; 367, 423, 190; 367, 423, 190; 367, 423, 190; 367, 423, 190; 367, 423, 190; 367, 423, 190; 367, 423, 190; 367, 422, 190; 368, 422, 190; 368, 422, 192; 369, 422, 192; 369, 422, 192; 369, 422, 192; 369, 422, 192; 369, 422, 192; 368, 423, 192; 369, 422, 192; 369, 422, 191; 369, 422, 192; 369, 422, 192; 369, 422, 192; 369, 422, 192; 369, 421, 192; 369, 422, 192; 369, 422, 190; 368, 422, 192; 368, 422, 192; 369, 421, 190; 369, 422, 190; 369, 422, 192; 369, 422, 190; 369, 422, 192; 369, 422, 192; 369, 422, 190; 369, 422, 191; 369, 421, 190; 369, 423, 190; 369, 421, 192; 369, 421, 191; 369, 421, 192; 369, 421, 191; 368, 421, 192; 369, 420, 192; 369, 420, 193; 369, 420, 193; 369, 420, 193; 369, 420, 192; 369, 420, 193; 369, 420, 193; 369, 420, 193; 369, 420, 193; 369, 420, 191; 369, 420, 194; 369, 420, 193; 369, 420, 193; 369, 420, 193; 369, 420, 193; 369, 421, 193; 369, 419, 193; 369, 420, 193; 369, 420, 193; 368, 421, 192; 369, 421, 191; 369, 421, 192; 369, 421, 192; 369, 420, 190; 368, 421, 191; 368, 420, 191; 369, 421, 191; 369, 420, 191; 369, 421, 192; 368, 421, 188; 369, 420, 190; 368, 420, 189; 369, 421, 191; 369, 421, 190; 369, 421, 189; 369, 420, 189; 369, 421, 188; 368, 422, 186; 369, 422, 185; 369, 422, 185; 368, 422, 182; 367, 422, 182; 368, 423, 181; 368, 423, 181; 368, 423, 183; 368, 424, 181; 368, 424, 180; 369, 425, 181; 369, 428, 183; 369, 433, 185; 371, 441, 187; 375, 456, 193; 377, 476, 189; 380, 510, 177; 384, 556, 193; 387, 606, 215; 390, 667, 292];
