x40=[127,471;151,439;130,471;143,471;167,453;151,476;158,466;136,490;147,475;160,469;143,492;147,489;164,466;168,469;168,470;164,491;166,493;156,495;161,496;162,497;156,495;153,495;166,491;160,495;164,492;161,485;171,490;167,493;161,498;160,496;159,494;168,501;166,503;161,507;162,508;168,507;157,508;163,506;170,506;167,502;170,501;172,503;173,506;171,505;180,500;180,504;171,504;186,495;192,480;183,486;187,477;194,490;188,495;187,495;195,498;192,500;188,499;190,502;185,504;186,501;196,499;194,495;198,490;194,495;210,490;197,500;197,498;197,503;196,499;197,495;216,478;210,476;221,462;214,492;211,481;208,497;212,479;210,488;207,496;216,496;216,495;209,503;214,503;215,503;212,500;239,472;230,485;242,478;245,438;297,451;299,466;288,480;292,482;293,480;294,470;304,461;298,478;300,481;296,498;294,490;290,490;287,492;296,490;294,490;293,491;301,487;306,486;296,484;311,493;302,480;306,481;305,470;320,468;335,469;346,470;344,472;341,475;344,473;349,472;340,471;349,472;348,469;342,468;341,469;352,471;350,472;351,470;354,470;358,467;351,463;355,454;381,454;388,455;394,446;383,450;390,453;389,455;379,457;390,459;386,459;386,458;383,457;393,454;387,446;396,440;395,446;388,442;392,444;400,437;402,443;391,452;394,447;392,454;400,452;397,445;396,449;404,435;400,448;398,455;400,447;409,449;412,449;396,455;402,454;405,454;403,456;414,450;419,439;412,450;422,437;434,446;440,438;445,449;431,451;440,451;436,452;437,448;459,442;483,434;485,437;475,442;486,443;477,439;476,444;483,441;482,444;476,445;482,445;475,445;485,446;484,443;479,445;480,443;486,441;486,439;491,431;488,425;490,425;496,429;489,430;491,435;499,427;504,432;498,434;505,437;501,432;505,441;502,443;496,442;503,440;503,436;504,435;509,435;505,437;511,425;509,438;516,437;516,435;517,436;518,433;510,438;515,438;511,434;518,433;518,440;518,440;509,438;524,433;520,436;514,441;519,437;513,438;522,436;522,437;515,439;522,437;516,443;513,441;523,442;522,443;519,440;526,442;525,441;516,443;523,441;524,437;523,423;531,399;536,394;533,400;533,399;532,399;531,398;526,397;528,396;528,396;527,396;529,394;535,395;534,396;533,395;537,395;530,395;536,396;547,394;539,394;541,395;542,396;549,395;550,396;553,396;551,399;545,398;550,398;555,398;550,398;559,395;554,395;571,384;567,385;566,384;563,382;569,379;579,326;582,325;589,321;584,320;585,320;588,317;591,315;594,315;630,240;636,229;644,226;641,224;633,222;644,222;643,222;636,221;643,220;636,220;637,222;636,224;649,209;653,201;655,200;655,201;644,203;645,210;648,212;639,214;636,216;634,218;638,222;631,227;633,229;632,233;622,238;626,243;615,246;611,250;619,253;615,256;609,259;614,261;610,264;600,269;602,271;609,274;599,276;601,280;608,280;600,284;605,288;602,288;597,291;598,291;598,292;599,294;598,296;604,297;608,301;596,307;600,304;609,306;602,308;601,309;601,310;600,311;602,313;607,314;608,316;606,316;609,318;604,322;604,323;608,323;605,325;608,328;610,328;612,330;604,332;609,332;604,335;604,335;602,336;613,337;611,338;612,338;612,339;606,343;607,343;612,345;610,346;609,349;619,348;614,350;612,351;618,351;616,354;614,355;614,355;618,357;617,356;621,358;625,360;614,361;618,363;608,380;622,381;618,382;617,382;613,382;618,381;610,383;612,382;616,385;611,387;617,386;620,387;616,387;616,388;619,389;611,388;610,387;600,417;598,423;598,416;590,420;591,422;597,426;597,426;598,430;587,429;595,432;596,431;586,433;588,433;594,432;590,432;595,431;593,432;597,431;588,433;591,431;589,432;587,432;590,432;585,433;592,434;590,433;593,434;585,434;586,433;582,431;582,432;588,429;591,431;588,431;591,430;580,426;578,414;568,418;568,417;576,420;572,420;574,419;573,419;571,418;563,421;567,419;569,419;567,418;571,419;575,419;564,419;566,418;571,417;565,420;563,420;573,419;568,420;562,420;572,419;569,419;564,420;567,420;567,421;559,420;562,420;567,419;565,419;565,419;570,419;562,420;566,420;562,420;562,421;557,420;565,420;564,421;566,420;569,419;569,419;559,420;566,419;556,419;560,420;564,418;561,419;562,418;557,419;563,418;555,419;557,418;562,417;555,417;555,417;564,416;558,416;554,414;563,410;553,413;549,414;554,414;555,412;548,413;553,412;554,412;545,413;546,412;551,411;545,406;551,405;542,406;547,405;543,406;547,406;542,405;547,404;537,404;538,403;548,402;542,403;542,402;543,401;546,400;538,399;544,399;535,399;535,399;544,395];
x30=[143,471;151,476;136,490;160,469;143,492;147,489;164,491;166,493;156,495;161,496;162,497;156,495;153,495;166,491;160,495;164,492;161,485;171,490;167,493;161,498;160,496;159,494;168,501;166,503;161,507;162,508;168,507;157,508;163,506;170,506;167,502;170,501;172,503;173,506;171,505;180,500;180,504;171,504;186,495;192,480;183,486;194,490;187,495;195,498;192,500;188,499;190,502;185,504;186,501;196,499;198,490;194,495;210,490;197,500;197,498;197,503;196,499;197,495;216,478;221,462;214,492;208,497;210,488;207,496;216,496;216,495;209,503;214,503;215,503;212,500;292,482;293,480;298,478;300,481;296,498;294,490;290,490;287,492;296,490;294,490;293,491;301,487;306,486;296,484;311,493;302,480;306,481;320,468;346,470;344,472;341,475;344,473;349,472;340,471;349,472;342,468;341,469;352,471;350,472;351,470;354,470;358,467;351,463;355,454;388,455;394,446;383,450;390,453;389,455;379,457;390,459;386,459;386,458;383,457;393,454;396,440;391,452;392,454;400,452;397,445;396,449;400,448;409,449;412,449;396,455;402,454;405,454;403,456;414,450;419,439;434,446;440,438;445,449;431,451;440,451;436,452;459,442;483,441;482,444;476,445;482,445;485,446;484,443;480,443;486,441;486,439;491,431;488,425;491,435;504,432;503,440;503,436;504,435;509,435;516,435;517,436;515,438;518,440;518,440;514,441;522,436;523,442;526,442;525,441;516,443;523,441;533,400;533,399;532,399;531,398;526,397;528,396;527,396;529,394;535,395;534,396;533,395;537,395;530,395;536,396;547,394;541,395;542,396;549,395;550,396;553,396;551,399;545,398;550,398;555,398;550,398;559,395;554,395;567,385;563,382;569,379;579,326;589,321;584,320;588,317;591,315;630,240;636,229;644,226;641,224;633,222;644,222;643,222;643,220;637,222;655,200;655,201;644,203;645,210;648,212;639,214;636,216;634,218;638,222;631,227;633,229;632,233;622,238;626,243;615,246;611,250;619,253;615,256;609,259;614,261;610,264;600,269;602,271;609,274;599,276;601,280;608,280;600,284;605,288;602,288;597,291;598,291;598,292;598,296;604,297;608,301;600,304;609,306;602,308;601,309;601,310;602,313;607,314;608,316;606,316;609,318;604,322;604,323;608,323;605,325;608,328;610,328;612,330;604,332;609,332;604,335;602,336;613,337;611,338;612,338;612,339;606,343;607,343;612,345;610,346;609,349;619,348;614,350;612,351;618,351;616,354;614,355;614,355;618,357;617,356;621,358;625,360;614,361;618,363;613,382;617,386;620,387;616,387;616,388;619,389;611,388;598,423;597,426;598,430;587,429;595,432;596,431;586,433;588,433;594,432;590,432;595,431;593,432;597,431;588,433;591,431;589,432;587,432;590,432;592,434;590,433;593,434;585,434;586,433;582,431;582,432;591,431;591,430;576,420;572,420;574,419;573,419;571,418;563,421;567,419;567,418;571,419;575,419;566,418;571,417;565,420;563,420;573,419;568,420;562,420;572,419;569,419;564,420;567,420;567,421;559,420;562,420;567,419;565,419;565,419;570,419;562,420;566,420;562,420;562,421;557,420;565,420;564,421;566,420;569,419;569,419;559,420;566,419;556,419;560,420;564,418;561,419;562,418;557,419;563,418;555,419;557,418;562,417;555,417;555,417;564,416;558,416;554,414;553,413;549,414;554,414;555,412;548,413;553,412;554,412;545,413;546,412;551,411;545,406;551,405;547,405;543,406;547,406;542,405;547,404;537,404;538,403;548,402;542,403;542,402;543,401;546,400;538,399;544,399;535,399];
