# x1,y1,x2,y2,p1,p2,tnt1,tnt2,X,Y,P
#  1  2  3  4  5  6    7    8 9 10 11    
in3=[538,499,541,502,770,389,15,15,151,133,527;540,499,541,497,770,389,15,16,150,134,528;538,497,541,499,770,386,13,15,151,134,535;539,498,543,499,770,390,15,15,150,134,526;539,499,541,499,771,390,15,16,150,133,527;539,500,541,499,770,390,13,15,150,133,525;541,499,541,500,770,389,15,15,150,133,529;539,499,541,503,770,390,14,15,150,132,525;539,499,542,500,770,390,14,15,150,133,525;539,499,541,496,771,389,14,16,150,134,530;540,499,541,500,771,389,14,14,150,133,530;539,495,541,499,770,390,14,14,150,134,525;538,497,541,499,770,388,15,15,151,134,530;539,499,541,500,769,389,14,13,150,133,527;538,499,541,498,770,390,13,15,151,134,524;538,499,542,499,770,389,14,15,150,133,528;539,499,541,500,770,390,15,15,150,133,525;540,500,540,500,770,389,14,15,150,133,528;538,495,541,499,770,390,14,15,151,134,524;539,497,541,499,770,388,14,15,150,134,531;539,500,541,498,771,390,16,16,150,133,527;538,499,541,495,770,390,16,16,151,134,524;539,499,541,501,770,390,15,15,150,133,525;539,499,541,499,770,390,14,14,150,133,525;540,499,541,499,770,389,15,15,150,133,528;539,499,541,495,770,390,15,16,150,134,525;539,499,541,496,771,390,14,16,150,134,527;540,499,541,503,770,390,14,16,150,132,525;539,499,540,502,770,390,14,15,151,133,524;539,499,542,499,769,390,14,15,150,133,524;539,500,540,498,770,390,14,15,151,133,524;539,497,541,499,770,389,15,15,150,134,528;540,499,541,500,770,390,15,15,150,133,525;540,502,541,499,770,390,15,15,150,133,525;539,496,541,499,770,389,14,15,150,134,528;539,499,541,500,770,390,14,15,150,133,525;538,500,541,499,770,390,14,15,151,133,524;540,499,541,500,770,390,15,15,150,133,525;540,502,541,499,771,393,15,15,150,133,518;538,499,541,499,770,390,14,12,151,133,524;539,499,541,502,770,390,14,15,150,133,525;539,499,540,500,771,390,14,16,151,133,526;539,499,540,499,771,389,15,16,151,133,529;539,499,541,502,769,389,15,15,150,133,527;539,499,541,502,770,390,14,15,150,133,525;539,498,541,499,770,390,16,15,150,134,525;538,499,541,499,770,390,14,16,151,133,524;539,495,541,499,770,388,15,14,150,134,531;540,499,541,500,770,390,15,15,150,133,525;538,500,540,499,770,390,14,15,151,133,524;539,498,542,499,770,389,15,15,150,134,528;539,499,541,499,769,389,14,14,150,133,527;537,499,541,499,770,390,14,15,151,133,524;539,500,540,500,770,390,13,15,151,133,524;539,502,540,498,770,390,14,15,151,133,524;539,499,541,499,770,390,14,15,150,133,525;539,501,541,498,770,390,14,14,150,133,525;538,499,541,499,771,390,14,16,151,133,526;539,499,541,499,770,390,15,15,150,133,525;539,499,541,501,770,390,14,15,150,133,525;540,499,541,502,770,389,15,14,150,133,528;539,496,541,499,770,388,14,15,150,134,531;539,502,541,499,770,391,15,15,150,133,523;540,499,541,499,770,390,15,14,150,133,525;540,499,541,500,770,389,16,15,150,133,528;539,497,542,499,770,390,14,15,150,134,525;539,498,541,499,770,390,14,15,150,134,525;540,499,541,499,770,387,13,15,150,133,534;540,499,541,499,770,390,14,13,150,133,525;540,499,541,497,770,390,14,15,150,134,525;539,499,542,499,769,390,14,14,150,133,524;539,499,541,499,770,390,14,15,150,133,525;539,496,541,500,770,388,14,15,150,134,531;539,499,541,499,771,389,14,15,150,133,530;539,499,541,495,770,390,14,16,150,134,525;539,499,541,500,769,390,14,15,150,133,524;539,499,541,500,770,390,14,15,150,133,525;540,498,542,499,770,390,14,15,150,134,526;539,499,541,499,769,390,14,15,150,133,524;539,500,541,499,769,389,14,15,150,133,527;539,499,541,502,770,390,15,15,150,133,525;539,502,540,500,770,391,14,15,151,132,522;540,495,540,499,770,386,14,15,150,134,536;539,499,542,500,770,390,14,14,150,133,525;540,502,541,499,770,390,15,15,150,133,525;539,499,541,499,771,390,14,15,150,133,527;539,499,541,502,770,390,14,15,150,133,525;538,500,542,498,770,390,15,16,150,133,525;539,498,541,499,769,390,14,15,150,134,524;540,499,541,500,770,390,13,15,150,133,525;539,499,541,499,770,390,15,16,150,133,525;540,501,541,499,770,393,16,15,150,133,517;539,498,540,502,770,390,14,15,151,133,524;539,498,541,499,770,390,15,12,150,134,525;539,499,541,498,769,390,14,15,150,134,524;539,499,541,499,769,390,14,15,150,133,524;540,499,541,500,770,390,15,15,150,133,525;540,501,541,499,770,391,15,15,150,133,523;538,497,541,499,770,388,14,15,151,134,530;539,499,542,499,770,390,14,15,150,133,525;539,501,540,499,770,390,14,15,151,133,524;539,500,541,500,770,390,14,15,150,133,525;539,499,541,503,770,390,14,14,150,132,525;540,499,541,502,770,390,15,15,150,133,525;539,498,542,500,770,389,14,15,150,133,528;540,499,541,501,770,390,14,13,150,133,525;540,499,541,498,770,390,15,15,150,134,525;539,499,541,502,770,389,15,15,150,133,528;540,499,541,502,770,390,15,15,150,133,525;539,499,541,502,770,389,14,15,150,133,528;538,499,541,498,770,390,13,14,151,134,524;539,499,540,497,770,390,14,16,151,134,524;539,498,542,500,770,389,15,15,150,133,528;539,500,540,499,770,390,14,15,151,133,524;539,495,541,500,770,389,14,15,150,134,528;539,499,541,503,770,389,12,14,150,132,528;539,501,540,500,770,390,15,15,151,133,524;540,499,541,500,771,389,14,16,150,133,530;539,499,541,502,770,389,14,15,150,133,528;538,499,541,500,769,390,14,15,151,133,523;539,499,541,499,770,390,14,14,150,133,525;539,499,541,496,771,390,14,16,150,134,527;539,501,540,499,770,390,14,18,151,133,524;540,499,541,501,770,391,15,15,150,133,523;541,499,541,500,770,390,14,15,150,133,526;538,499,541,499,770,390,14,15,151,133,524;539,499,541,498,769,390,15,15,150,134,524;539,499,540,496,771,390,14,16,151,134,526;540,502,540,499,770,391,14,15,150,133,523;540,502,538,498,770,391,15,15,151,133,522;539,494,541,499,770,389,14,15,150,135,528;539,496,541,499,769,389,14,15,150,134,527;540,501,540,499,770,391,15,15,150,133,523;539,499,541,494,770,391,15,16,150,135,523;540,499,541,499,770,390,15,15,150,133,525;538,498,542,499,770,390,14,15,150,134,525;539,499,542,499,770,390,13,15,150,133,525;540,499,541,499,770,389,14,15,150,133,528;538,499,541,501,770,390,14,14,151,133,524;539,500,541,501,770,390,14,15,150,133,525;539,499,541,499,769,390,15,13,150,133,524;539,498,542,500,769,390,13,16,150,133,524;539,499,541,498,770,390,13,15,150,134,525;540,499,541,499,771,390,14,16,150,133,527;540,499,541,501,770,389,15,15,150,133,528;539,501,540,500,771,391,14,15,151,133,523;540,497,541,499,770,389,14,15,150,134,528;539,498,541,499,770,389,13,15,150,134,528;538,502,541,498,770,392,14,15,151,133,519;540,501,540,500,770,391,14,15,150,133,523;539,499,541,500,770,390,16,15,150,133,525;539,499,541,503,769,390,15,14,150,132,524;539,497,542,499,770,389,14,15,150,134,528;540,498,540,498,770,389,14,15,150,134,528;539,499,539,500,771,390,14,16,151,133,526;539,497,541,499,770,388,14,15,150,134,531;539,499,540,502,770,390,15,15,151,133,524;538,499,541,499,770,390,13,15,151,133,524;538,499,541,498,770,390,12,15,151,134,524;539,500,539,499,770,390,15,15,151,133,524;538,498,541,501,770,390,14,15,151,133,524;539,501,541,500,770,391,14,15,150,133,523;539,499,541,498,771,390,14,16,150,134,527;540,498,543,499,770,390,14,15,150,134,526;539,501,540,500,769,391,14,15,151,133,520;539,499,541,499,769,389,14,13,150,133,527;539,499,541,500,770,392,15,15,150,133,520;539,501,541,499,770,390,14,15,150,133,525;540,500,541,498,770,390,13,15,150,133,525;538,501,541,500,770,390,14,15,151,133,524;538,499,540,495,770,390,13,16,151,134,524;539,499,541,502,770,390,14,14,150,133,525;539,502,541,500,769,391,14,15,150,132,521;540,499,541,502,770,390,15,15,150,133,525;539,499,541,498,770,390,13,16,150,134,525;539,500,540,500,771,390,14,15,151,133,526;540,499,540,499,770,393,15,15,150,133,517;540,498,541,500,770,389,15,15,150,133,528;538,499,541,499,770,390,13,15,151,133,524;539,498,541,499,769,390,14,15,150,134,524;539,502,541,499,770,393,15,14,150,133,517;540,499,541,500,770,390,14,15,150,133,525;539,498,542,499,770,390,15,15,150,134,525;538,499,541,499,769,390,15,14,151,133,523;539,499,541,499,770,386,14,15,150,133,536;538,499,541,496,770,390,14,16,151,134,524;538,499,541,499,771,390,14,16,151,133,526;539,499,541,499,770,385,15,15,150,133,540;539,498,541,499,769,