x=[254,347,20;254,347,21;257,350,22;255,349,21;254,347,20;254,347,20;253,348,20;255,347,22;259,348,23;286,377,42;272,363,32;258,351,24;258,348,22;257,348,22;256,347,22;256,348,21;256,348,21;256,347,22;256,347,22;257,348,21;256,347,22;257,348,23;255,349,21;254,347,20;256,345,20;308,997,451;269,357,29;257,350,21;255,349,20;254,349,21;255,348,20;256,348,21;255,349,21;256,347,21;256,346,21;258,350,24;257,348,22;256,347,22;256,349,21;255,347,21;256,346,21;255,347,19;256,346,22;256,346,20;255,346,19;255,346,20;255,345,22;267,358,31;257,349,24;257,349,22;261,347,24;254,346,20;257,347,21;278,368,33;256,348,23;255,345,21;258,349,21;274,364,34;263,353,26;260,351,25;257,350,22;256,350,22;256,348,21;255,349,20;255,348,21;261,352,26;257,349,24;257,349,23;257,349,23;254,347,19;251,343,18;259,353,25;258,352,24;256,349,23;256,350,23;257,351,22;256,351,22;256,349,21;256,348,21;255,348,22;253,345,19;253,345,18;253,345,19;253,344,17;252,344,18;251,343,17;252,344,17;251,344,15;252,344,17;252,343,17;251,344,17;252,344,17;256,346,20;254,345,20;253,345,19;255,346,20;253,346,21;254,347,20;254,345,20;252,343,17;253,343,17;252,344,17;252,343,17;251,343,17;252,343,17;252,344,17;253,345,20;253,345,20;253,346,19;254,345,19;255,345,19;254,346,20;253,346,20;254,346,20;253,343,18;251,344,17;252,343,17;251,344,17;253,343,17;253,346,20;255,347,20;253,346,19;254,346,19;253,346,20;254,346,19;254,347,18;253,346,19;253,343,17;253,344,17;252,343,17;253,343,17;252,343,17;252,343,17;252,346,17;252,342,17;252,343,18;251,343,16;253,348,19;252,347,19;253,347,19;254,345,21;254,347,19;254,347,19;254,348,19;252,345,17;252,344,17;252,344,17;252,343,16;253,342,17;252,343,17;252,344,17;251,343,17;252,344,18;252,343,17;252,343,17;251,343,17;252,341,17;252,343,18;253,345,18;254,345,19;254,344,19;253,346,18;254,347,21;255,345,18;253,345,19;253,344,18;254,345,18;254,345,19;254,347,19;252,345,19;251,347,18;251,345,20;260,349,25;260,351,26;258,351,25;258,351,23;257,350,23;259,350,24;257,352,23;257,349,22;257,348,23;257,349,22;255,348,22;256,347,21;255,349,21;257,349,22;257,346,23;256,350,21;255,347,21;254,346,23;255,346,20;255,346,20;252,345,19;253,349,19;364,426,109;251,350,457;255,349,23;253,347,21;252,346,20;253,346,20;254,347,20;259,345,20;254,347,20;253,346,20;254,345,21;264,354,30;258,349,23;255,857,447;253,348,20;254,347,20;254,347,18;253,347,20;253,346,20;253,347,20;253,347,19;253,347,20;252,346,21;258,349,24;256,347,20;255,348,21;253,348,21;258,350,23;259,351,23;257,349,22;257,348,23;256,349,22;255,349,21;337,422,82;262,353,27;258,351,24;256,347,23;256,348,21;257,347,22;255,346,20;255,346,20;257,351,24;257,349,22;256,349,21;261,353,24;256,349,22;321,404,61;256,350,21;254,348,21;253,347,22;253,346,20;253,347,20;255,346,20;255,348,22;255,347,18;256,346,21;256,347,21;254,346,19;255,346,23;254,348,20;253,348,20;256,347,20;280,383,352;251,345,456;254,346,22;259,350,24;261,352,29;257,349,23;256,347,21;252,393,453;268,358,31;256,349,23;255,348,22;257,347,22;255,347,21;352,626,466;296,375,46;258,349,25;258,351,24;257,349,23;306,383,50;255,346,22;257,348,23;255,347,21;255,348,21;258,348,24;256,356,30;273,366,34;258,348,23;257,348,23;256,348,22;257,346,21;253,348,21;254,348,21;255,349,21;259,347,24;254,349,23;256,349,23;254,348,21;254,348,21;255,347,21;255,347,22;271,356,32;256,349,34;279,369,41;258,349,23;256,348,22;256,349,21;341,430,80;263,355,29;261,352,25;259,352,25;258,349,25;256,347,22;257,349,23;257,348,23;272,368,29;254,348,22;259,351,26;259,348,24;258,349,26;259,352,28;253,348,19;257,348,22;255,347,21;256,346,21;251,345,17;271,361,34;256,347,22;256,347,22;255,346,20;256,346,21;263,367,433;273,365,36;257,348,23;259,351,25;256,349,21;257,347,21;259,351,26;256,348,22;256,348,23;256,349,21;264,358,28;284,373,39;275,366,36;262,355,28;261,352,26;258,352,25;278,362,39;259,352,25;258,352,21;257,349,23;257,350,21;256,350,22;254,347,22;260,349,23;256,349,21;254,348,21;254,348,21;257,348,20;253,346,18;331,416,66;259,352,26;258,349,24;257,350,22;257,349,20;257,348,23;278,365,37;259,351,24;259,349,25;258,349,24;258,348,23;266,353,30;259,350,24;257,348,22;256,347,23;261,354,28;267,359,31;257,351,24;258,347,24;257,348,22;256,348,21;278,367,36;257,350,23;256,350,22;255,347,21;254,348,21;257,349,23;255,350,22;254,348,20;262,354,28;258,351,24;257,351,23;258,352,23;257,350,22;274,360,35;275,364,34;267,357,33;266,356,30;265,356,29;272,359,31;259,349,25;263,353,28;259,349,24;256,348,21;255,347,22;255,350,31;258,350,24;257,347,23;256,347,22;257,347,21;255,349,23;255,347,22;254,348,22;254,348,20;255,347,22;329,424,73;252,343,18;269,360,32;293,381,45;257,349,24;257,347,22;274,364,33;264,350,24;268,360,30;257,348,24;299,613,50;280,369,42;263,354,28;256,350,22;255,348,21;261,354,29;255,344,21;288,426,296;253,344,20;260,354,27;258,351,23;257,349,23;261,352,27;260,351,27;257,347,22;258,351,24;258,347,21;256,347,20;779,990,458;258,349,24;256,349,22;261,349,25;256,347,21;240,346,21;308,397,61;271,359,32;257,348,23;257,346,21;255,346,23;261,350,26;294,385,78;252,344,18;266,359,32;255,348,23;257,348,22;257,348,22;257,347,22;263,356,30;256,347,19;266,357,31;261,352,26;258,350,24;258,349,24;258,350,24;286,377,49;270,357,33;261,354,29;256,348,23;258,349,25;282,374,51;266,357,29;258,350,24;258,349,23;256,347,21;278,369,39;265,356,30;260,351,24;260,353,26;258,349,23;260,352,24;258,350,24;268,359,31;330,571,90;267,364,32;262,354,26;259,351,25;256,350,22;257,349,22;256,352,22;284,374,41;259,348,26;620,994,471;264,352,27;265,359,30;260,351,24;257,349,23;256,347,21;255,347,21;255,346,21;256,346,21;256,345,21;259,349,23;263,351,28;260,351,26;259,350,24;259,349,24;258,348,23;257,348,21;256,347,21;256,348,22;257,347,22;258,350,24;283,374,44;265,358,29;256,349,22;255,348,21;255,349,22;255,349,21;255,347,21;301,376,54;260,352,26;261,353,27;277,365,35;262,354,28;261,352,26;260,350,25;260,350,25;259,351,25;267,356,30;262,354,28;254,344,19;274,365,36;266,355,30;259,351,25;260,352,25;256,350,24;257,349,22;257,349,23;259,352,25;257,349,23;257,349,23;255,349,22;255,349,21;256,349,22;255,349,22;255,349,21;256,349,20;275,368,37;282,370,45;274,362,35;259,349,24;256,349,22;257,348,21;256,347,21;304,392,57;253,344,24;258,358,29;262,353,28;260,353,29;260,352,26;258,350,24;286,378,43;348,422,82;264,354,30;258,349,24;257,348,23;268,357,32;269,361,35;262,349,27;261,349,27;579,969,60;259,352,25;263,356,30;257,348,23;255,347,21;255,347,20;256,347,22;265,357,29;258,348,23;257,349,23;256,349,23;256,347,22;277,361,41;252,346,18;256,351,24;256,350,23;257,351,24;255,349,23;255,350,21;257,349,21;252,343,18;267,359,31;286,378,41;264,355,28;276,365,36;256,348,22;258,351,25;262,349,21;255,349,21;252,343,17;253,384,453;258,350,24;256,349,21;255,350,22;257,347,20;278,367,42;276,364,37;265,354,31;259,352,25;286,388,39;374,994,456;411,591,100;269,360,30;265,354,31;394,486,95;257,348,23;256,347,22;263,355,29;263,353,28;267,358,29;258,352,24;265,353,28;277,365,39;257,350,22;256,348,21;255,348,21;267,358,32;256,349,21;255,349,20;255,348,21;255,349,22;255,377,449;276,368,40;262,355,30;261,353,28;259,349,24;298,383,45;256,350,23;257,349,22;258,349,22;257,347,23;327,416,61;269,362,35;261,351,27;323,412,67;251,343,18;267,359,32;262,354,28;259,350,26;259,347,23;661,990,475;252,409,456;301,385,50;261,351,26;259,349,24;258,349,23;266,357,31;260,351,24;260,354,25;257,351,24;262,355,27;256,350,23;263,353,32;256,348,22;254,347,21;259,353,26;253,968,453;252,345,18;295,386,45;265,357,30;262,353,26;258,352,25;262,354,30;272,364,36;263,356,30;256,347,21;261,353,27;257,351,25;258,352,25;256,349,24;264,350,25;285,370,340;269,361,32;262,355,28;259,353,27;308,394,54;253,346,55;255,349,22;255,347,22;254,349,21;322,919,56;252,344,18;364,993,456;258,351,24;260,352,25;257,350,24;258,349,24;275,370,32;265,354,31;261,352,27;259,349,24;255,349,23;259,353,25;257,350,24;261,353,27;267,360,28;259,351,26;258,349,23;257,349,22;263,353,28;255,348,22;258,350,24;259,351,26;257,350,23;277,366,34;284,376,40;258,351,25;257,350,23;256,350,21;283,372,46;259,355,26;259,353,26;257,351,24;256,350,23;291,382,46;