p=[1427.11,751.86,795.695,742.965,672.685,640.88,599.385,583.83,577.27,566.64;
1218.4075,1103.8925,824.145,755.7075,719.82,700.0825,696.0175,692.8625,686.3975,675.1875;
1197.2425,908.955,791.77,682.8075,660.35,627.04,611.8525,600.9175,596.275,592.31;
       1148.4625,917.4875,767.0725,684.915,631.23,619.345,605.4625,593.355,589.71,569.4375];

