x=[1:10];
t=[37.465,19.675,20.45,19.225,17.53,16.86,16.08,15.64,15.625,15.425;
26.46,25.465,20.585,19.54,19.085,18.81,18.77,18.75,18.605,18.45;
28.97,20.7,17.485,15.115,14.55,13.855,13.525,13.355,13.17,13.13;
     27.515,21.78,17.845,16.17,15.105,14.855,14.535,14.325,14.25,13.925];

