t0=[17.8,19.3,18.8,18.1,15.9;
      19.5,18.6,18.7,17.6,16.9;
      20.8,19.1,18.5,17.8,18.2;
      20.9,19.3,19.0,18.2,18.4;
      22.0,19.9,19.3,18.8,19.0;
      21.6,19.8,19.0,18.6,18.8;
      20.8,19.2,18.5,17.7,18.2;
      19.6,19.0,18.1,17.3,17.0;
      18.0,18.4,18.6,17.5,15.4];
surf ([1:5], [1:9], t0);
