t1=[14.3,16.4,17.8,16.4,14.1;
      15.5,15.7,16.4,16.0,15.5;
      17.5,16.5,16.6,16.7,16.9;
      18.0,17.8,17.6,17.7,18.3;
      19.3,18.4,18.4,18.6,19.0;
      20.2,19.5,19.4,19.7,20.1;
      20.7,20.5,20.8,20.3,20.9;
      21.7,21.8,21.9,21.6,21.7;
      21.7,23.4,23.8,23.5,21.6];
surf ([1:5], [1:9], t1);
