x=[251,693,20;251,692,19;251,693,19;250,693,18;250,691,19;250,692,18;250,692,18;249,692,20;250,692,18;250,692,18;250,692,19;251,692,18;251,691,18;249,693,18;250,692,18;250,692,18;250,691,18;250,692,19;250,692,18;250,692,18;251,692,18;250,692,20;251,693,19;271,704,31;257,696,26;265,701,30;261,699,29;260,700,30;266,702,31;261,699,31;260,698,28;259,699,28;255,696,23;253,693,21;252,692,19;252,693,20;251,693,19;252,693,20;251,693,19;252,693,20;250,693,20;252,693,19;252,692,19;251,693,19;252,693,20;251,693,19;251,692,19;253,693,22;258,697,24;256,694,23;253,694,21;252,693,20;252,693,19;252,692,19;252,693,19;251,693,18;251,693,19;251,693,19;252,692,19;254,694,22;331,745,83;268,700,32;260,698,25;255,694,22;254,695,22;253,693,21;252,694,20;252,693,20;253,693,20;253,693,20;254,694,20;253,694,21;253,693,20;254,694,21;285,711,35;256,696,24;259,698,26;258,696,25;256,696,24;256,695,23;255,695,22;254,694,22;253,694,22;254,694,22;255,695,24;253,693,20;253,693,20;252,692,19;252,692,19;252,692,19;252,693,19;252,693,18;252,692,19;252,693,19;251,692,18;251,692,19;251,692,19;251,691,19;251,692,18;251,692,18;251,692,18;252,693,19;251,692,18;253,692,18;251,692,19;251,692,19;251,692,18;251,693,19;251,693,19;252,692,19;251,692,19;251,692,18;251,692,18;252,693,19;251,692,19;252,693,17;250,692,18;251,692,19;252,692,19;251,692,18;251,693,18;252,692,18;251,692,19;252,693,19;253,694,21;251,693,18;252,694,19;253,695,22;255,695,21;253,694,20;252,694,21;253,693,19;251,693,19;252,693,18;252,693,19;250,693,18;251,693,19;251,693,18;251,694,20;251,693,18;251,693,18;251,693,18;251,693,18;251,693,18;251,693,18;250,692,18;251,693,18;251,694,19;251,693,19;251,693,19;251,694,18;251,693,18;250,693,18;251,693,18;251,693,18;251,693,18;251,693,18;251,693,19;251,693,19;252,693,19;250,692,18;251,693,18;252,693,19;252,693,19;251,694,21;253,694,21;275,706,37;257,696,25;255,696,25;256,695,23;254,695,22;254,695,22;253,695,21;253,694,21;252,694,21;253,694,20;251,693,19;254,692,21;249,694,19;251,693,19;251,694,19;251,694,19;249,692,19;251,693,19;251,693,19;252,693,19;251,693,19;251,693,19;251,693,18;251,693,19;251,693,19;251,693,19;251,693,19;251,693,18;251,693,18;251,693,19;251,693,19;251,693,18;251,694,18;251,692,19;251,692,19;251,693,19;251,693,19;252,692,20;252,693,20;253,694,21;280,709,42;275,706,36;262,699,28;259,696,25;253,693,21;253,694,19;251,692,19;251,693,18;252,693,19;251,693,20;252,692,19;250,692,18;251,692,19;251,692,18;251,692,19;251,693,19;251,692,20;251,693,18;251,692,18;251,692,18;251,692,18;251,692,19;251,693,18;251,692,19;251,692,19;251,692,19;251,692,18;251,692,18;250,692,19;251,693,18;249,691,20;251,693,18;251,692,19;253,692,19;251,692,19;251,692,18;251,692,18;250,692,18;251,692,18;251,694,19;250,693,19;251,693,20;252,692,18;252,693,19;251,692,18;252,692,18;251,693,18;251,692,19;251,693,19;251,692,18;252,693,18;251,692,19;251,692,18;252,693,19;265,701,28;256,695,24;254,694,21;252,694,20;252,693,18;252,693,19;252,692,19;251,693,19;251,693,19;252,693,19;250,692,18;251,693,19;251,692,19;251,692,18;251,693,19;252,693,19;252,692,18;249,692,19;252,692,18;251,692,17;251,693,19;252,692,19;251,692,18;251,692,18;251,692,19;251,693,18;253,692,19;251,692,19;251,692,19;251,692,19;251,693,18;251,692,19;251,692,18;251,693,19;251,692,19;253,692,18;251,692,19;253,692,19;251,692,18;251,692,18;252,692,18;252,692,18;250,691,19;251,693,18;253,692,20;250,694,21;252,694,20;251,693,20;252,693,19;251,693,19;252,695,21;251,694,21;254,694,22;258,697,24;276,708,38;259,697,25;256,696,23;255,694,23;253,695,19;253,694,21;252,694,20;252,694,20;252,693,20;253,694,20;253,693,20;253,693,19;252,693,19;252,692,20;252,693,19;252,692,19;252,693,19;252,693,19;251,693,19;251,693,18;251,693,18;251,693,19;251,692,19;252,693,18;251,693,18;251,693,18;251,692,19;251,692,18;251,692,19;251,693,18;251,692,19;251,693,18;251,693,19;251,693,18;251,693,19;252,692,19;252,693,18;252,693,19;250,694,19;251,693,18;251,693,18;251,692,18;252,693,19;251,693,18;251,692,19;251,693,18;250,692,19;252,694,20;257,696,24;322,731,113;256,697,25;268,702,31;265,701,29;256,696,24;253,694,20;252,694,20;253,694,19;251,693,20;251,693,20;252,693,19;252,693,19;252,693,18;251,693,21;252,693,19;252,693,18;251,693,19;252,694,20;251,694,18;251,693,19;252,693,19;251,693,19;251,693,19;251,692,19;251,693,19;252,693,19;252,693,19;251,692,18;253,693,18;251,693,19;251,693,19;251,693,17;252,692,19;251,692,18;251,693,18;251,693,19;250,693,20;251,693,18;252,693,18;251,692,18;252,693,18;251,693,18;251,693,19;252,693,18;252,692,19;252,694,19;251,693,18;252,692,19;252,692,18;252,693,19;251,694,19;252,693,19;252,694,19;252,695,21;254,695,22;258,696,25;259,697,25;260,697,27;254,693,22;253,693,22;254,693,22;254,695,23;254,693,22;253,692,20;252,693,19;251,692,20;251,693,19;252,692,19;252,692,19;251,692,19;252,692,18;252,692,19;252,692,19;251,692,19;252,692,19;251,693,18;251,692,18;252,692,19;250,692,18;252,692,18;251,692,19;251,692,18;252,692,18;251,692,18;251,692,19;251,692,20;252,692,19;251,692,19;251,692,19;251,692,18;251,692,18;251,692,18;251,693,18;251,692,19;251,692,19;251,692,18;251,692,19;251,693,19;251,691,19;250,692,18;251,692,19;251,692,18;251,692,19;251,691,19;251,691,18;251,692,19;251,692,19;250,692,18;251,692,18;252,693,19;251,693,20;251,693,19;252,693,20;254,694,21;255,697,25;258,697,25;254,695,23;253,693,20;253,694,20;252,695,20;252,694,20;252,692,20;252,693,19;252,694,19;252,694,19;252,693,19;252,693,18;251,693,18;251,693,18;251,693,18;250,693,18;251,694,19;252,693,18;251,692,18;251,693,18;253,693,18;251,693,18;252,693,18;250,693,18;250,693,19;250,693,18;251,693,18;251,693,19;251,693,18;251,693,18;250,693,19;251,693,18;251,693,18;251,693,18;251,692,19;251,693,17;251,693,18;252,693,18;251,693,19;251,693,19;250,693,18;251,693,19;252,693,19;251,692,19;253,693,19;252,693,19;252,693,19;253,694,19;252,693,19;253,693,20;256,696,23;260,697,26;257,694,24;255,695,21;255,694,22;253,694,21;252,694,20;252,693,19;256,693,19;252,693,19;251,693,19;251,694,19;251,692,18;251,693,19;252,693,19;250,692,19;251,693,18;252,693,19;251,693,18;251,693,18;251,693,20;251,693,18;250,693,18;251,693,18;252,693,18;250,693,17;250,692,18;251,692,19;252,693,18;251,693,18;251,693,18;251,693,18;252,693,18;251,693,19;250,692,18;251,692,19;251,693,19;251,693,18;252,694,19;252,693,19;252,694,20;258,696,25;377,777,511;253,694,22;252,694,20;251,693,20;251,694,19;252,693,19;251,693,19;251,693,19;251,692,19;252,693,18;251,692,19;250,692,18;251,692,18;251,693,19;251,693,18;251,693,19;251,693,20;251,693,18;250,692,18;251,692,18;251,692,19;251,693,18;250,692,17;251,692,18;251,692,18;251,692,19;251,692,18;251,692,18;250,692,18;251,692,18;250,692,19;250,693,18;250,692,18;251,692,18;253,693,17;249,692,19;252,692,18;251,692,19;251,693,19;250,692,19;250,692,19;250,692,19;251,692,18;251,692,19;251,692,19;251,693,19;252,692,18;252,694,20;382,796,76;256,697,24;255,695,21;253,694,20;252,694,20;252,693,19;252,693,21;252,693,20;251,694,19;251,693,19;251,693,19;250,693,19;251,693,18;252,693,19;251,694,19;252,693,19;251,693,18;253,693,19;252,693,18;251,693,18;251,693,20;251,693,17;251,693,18;251,693,20;251,693,18;251,693,18;252,693,19;251,693,18;251,693,18;250,693,18;250,693,18;251,693,19;251,693,18;251,692,18;251,692,18;251,693,18;251,693,18;251,693,19;251,693,19;251,693,18;251,693,18;252,693,18;251,693,18;251,693,18;251,693,18;250,693,18;251,693,19;251,693,18;251,693,19;251,692,18;250,693,18;250,692,18;251,693,19;250,692,18;251,693,19;251,693,18;253,692,20;259,698,27;250,692,18;258,696,25;261,698,28;257,696,26;255,695,23;253,693,20;252,693,20;252,692,19;251,693,19;251,692,20;245,693,19;251,692,18;251,692,18;252,692,19;251,692,19;251,692,19;251,692,19;250,693,19;252,693,18;251,691,18;251,692,18;251,692,18;252,692,20;250,690,18;251,692,19;251,692,18;251,692,19;251,692,18;251,693,19;250,692,18;251,692,19;253,692,17;251,692,19;250,692,19;252,693,19;254,694,22;461,947,583;263,697,33;286,716,44;260,697,27;256,695,24;254,695,23;254,695,21;253,694,21;253,694,20;252,693,21;253,692,20;253,693,19;253,694,20;251,694,19;252,693,