t0=[19.0,19.4,19.1,17.2,15.5;
19.8,18.7,18.1,17.2,16.7;
20.8,19.1,18.2,17.9,17.3;
21.1,19.6,18.8,18.0,18.8;
22.1,20.3,19.2,18.9,20.8;
21.5,19.7,18.7,18.9,18.9;
21.1,19.3,18.2,17.8,18.3;
19.9,18.5,18.3,17.8,16.7;
18.2,18.5,18.9,18.0,16.0];
surf ([1:5], [1:9], t0);
