t1=[15.2,16.5,16.8,16.2,14.5;
      15.8,16.2,16.1,15.9,15.5;
      16.9,16.5,16.8,16.8,16.6;
      18.1,17.2,17.5,17.5,18.0;
      19.0,18.1,18.7,18.8,19.5;
      20.1,19.2,19.5,19.7,20.5;
      20.8,20.3,20.6,20.2,20.9;
      23.0,21.2,23.3,21.8,21.5;
      21.7,23.2,24.2,23.6,22.1];
surf ([1:5], [1:9], t1);
