x=[15.0118819606337,15.0577754001048,15.0577754001048,16.011764424947,16.0292420282433,15.0118819606337,15.0118819606337,15.0577754001048,16.011764424947,15.0305222796814,16.011764424947,16.011764424947,16.011764424947,15.0118819606337,16.011764424947,15.0118819606337,15.0118819606337,15.0118819606337,15.0305222796814,16.011764424947,15.0511328477294,15.0118819606337,16.0373501551846,15.0391688600135,15.0391688600135,16.0933713062242,15.0118819606337,15.0305222796814,16.0292420282433,16.011764424947,15.0869678862255,15.0118819606337,15.0118819606337,15.0391688600135,15.0577754001048,15.0391688600135,16.0485700297565,15.0305222796814,15.0118819606337,16.0566683966507,15.0118819606337,16.011764424947,15.0118819606337,16.011764424947,15.0305222796814,16.0292420282433,15.0118819606337,16.0373501551846,14.0633068657411,15.0391688600135,15.0118819606337,15.0118819606337,15.0118819606337,16.011764424947,16.0547999053243,15.0118819606337,15.0118819606337,16.0373501551846,16.011764424947,15.0118819606337,16.0821826876827,16.0292420282433,16.011764424947,16.0292420282433,15.0577754001048,14.0120162717576,17.0357447738571,15.0118819606337,16.011764424947,16.0566683966507,16.011764424947,16.011764424947,15.0305222796814,15.0511328477294,15.0597675944883,17.0521728820699,15.0391688600135,14.0120162717576,11.0125655503157,17.0357447738571,16.011764424947,15.0118819606337,16.011764424947,16.011764424947,16.011764424947,16.011764424947,15.0118819606337,15.0391688600135,15.0988939992305,17.0281120503713,15.0118819606337,16.0373501551846,17.0463075180521,14.0120162717576,15.0118819606337,15.0118819606337,14.0412463834234,15.0391688600135,15.0118819606337,16.011764424947,15.0118819606337,15.0118819606337,15.0305222796814,15.0305222796814,16.0547999053243,16.011764424947,16.011764424947,16.011764424947,16.011764424947,16.0292420282433,15.0305222796814,16.011764424947,15.0118819606337,15.0118819606337,16.011764424947,15.0118819606337,15.2123831137662,16.011764424947,19.0571928677862,15.3784459552973,15.2005460428236,15.5305054650517,21.3578229227606,17.4303356249959,12.2154246753848,16.3614363672631,17.0779565522342,14.0120162717576,13.0650908913792,14.1413082845966,13.1512965140324,9.5003473620705,13.9275482408068,21.4787476357445,25.5510586864811,23.2111309504729,17.3463713784757,13.3871804350281,13.0987251288055,14.0611734929913,14.031984891668,13.2331628872315,12.6085923084221,13.2059304859597,16.2909975139646,15.7941951361885,18.0841532840219,18.4145757485748,14.2266159011903,12.1629190575289,15.5124659548377,17.3359914628498,16.2756443804846,16.1250302325298,15.3784459552973,13.1786418116587,12.0613680816067,17.2196573717365,20.2839000194736,17.3463713784757,14.1051976235712,15.0305222796814,17.2747387823955,17.2585225323606,15.0577754001048,13.1315117180011,15.2655363482585,17.0281120503713,17.1393290417099,15.0305222796814,14.0120162717576,15.1425427191076,15.0391688600135,18.1691111505214,16.188780065218,16.2738010311052,12.0464351573401,17.0779565522342,17.5492620927491,14.2266159011903,13.2904702700845,12.3278789740977,16.2738010311052,16.3179839441029,10.1929681643769,13.0650908913792,14.4193134371925,16.4230508736958,18.2958082630968,18.1465313489934,14.1850837149451,13.5150508693086,13.1512965140324,14.1413082845966,16.1250302325298,16.5256346322917,16.2738010311052,15.2005460428236,17.1393290417099,15.2038350425148,15.7148528469089,18.6015214431508,16.1194478813637,16.297748310733,13.1786418116587,11.8083275699821,16.0042681807073,15.3732429890378,20.5430426178792,22.2390782183075,18.048174422916,17.276475334975,18.7130061721788,14.9411043768525,16.3485962700166,17.8436711469361,16.6834229101824,14.0895919032455,11.4820120188058,12.8684342481904,13.6138385475956,10.5250463181879,12.3165173649047,15.4614553001973,19.2441315730277,17.1077935456329,16.136189141182,19.1545451525219,17.4188575974431,16.1665271471643,15.1392404036662,15.2694662644115,16.1665271471643,16.2725720155113,17.0914188995531,16.136189141182,15.1392404036662,16.1665271471643,16.1219291649604,15.1715721004779,16.136189141182,16.136189141182,16.1665271471643,15.1392404036662,15.2845215823067,16.1665271471643,16.1219291649604,16.1219291649604,16.1219291649604,16.2424320838968,16.091507076716,16.1665271471643,16.2725720155113,16.136189141182,16.1665271471643,16.091507076716,16.136189141182,16.136189141182,15.1715721004779,17.1620686398814,15.1101489072742,16.1665271471643,15.1101489072742,17.1620686398814,16.1219291649604,16.2725720155113,16.136189141182,16.2424320838968,16.136189141182,15.1101489072742,16.1665271471643,16.1665271471643,17.0914188995531,15.1715721004779,15.1715721004779,16.136189141182,16.1219291649604,16.1219291649604,15.1392404036662,16.091507076716,16.136189141182,17.0914188995531,16.1219291649604,0.237907545067406,1.63603178453232,1.03759336929261,1.03759336929261,1.50219838902856,0.237907545067406,41.7867993509912,3.69277673302895,1.11202517957104,38.8329319006433,7.71470025341231,11.8286347479327,5.35131759476113,38.359048476207,6.00304922518548,4.22807284705455,2.44879562234173,49.342644841962,10.3796242706564,25.2086612099889,3.56603421183813,43.9456095645515,5.82894501603849,10.5525636695544,29.4580481362904,11.7284525833547,15.3067501449524,13.4080796537013,14.3288729493984,13.3542727244878,14.3288729493984,14.3288729493984,13.3542727244878,14.3790333472038,13.3542727244878,13.3542727244878,14.3790333472038,14.3288729493984,16.1275106572589,18.8275489642173,18.4384543820788,17.0627254563859,16.6143492198762,18.6305287096207,16.7742838893349,14.9865473008295,17.5059018619436,15.8321382005085,13.0436421294054,15.7091247369164,12.4610031698897,12.1900205085964,12.3197646081409,13.4898702736535,13.2964882581831,13.4668704605042,12.3756454377135,16.142385201698,16.0747192821523,17.0527593075138,15.2930245536977,16.674429525474,17.9565197073375,15.1451840530249,16.0747192821523,15.4536921154784,16.4498206677155,15.3667368038891,18.4004510814273,14.5319165976137,15.6287107593685,14.8484544650277,12.865325491413,14.2139579287403,22.7797409994056,25.7141323011297,23.4869453101079,19.5032458836984,16.6564281885403,17.4102441108676,19.2056397966847,17.1042860125759,10.4592829582147,10.9113060629789,7.89788579304614,13.2897178299616,18.4785443149616,19.837252833999,16.3693799516048,14.2834379614993,14.3998819439605,15.4679216444873,14.7748637895583,13.6849040917355,12.8217237530685,22.0330796757966,27.6129788324259,21.3915076607517,16.0815608695176,17.1439960335973,14.21747516263,19.4405915547856,17.4486847641878,12.8699883449831,14.5147028905176,18.2427136139336,14.3588509289567,16.2455101489612,18.2695539080734,17.49333015752,15.2202693800077,15.2471833464414,15.2792866325624,15.2202693800077,15.2792866325624,15.2471833464414,16.220252772383,15.2524293147026,15.2471833464414,16.220252772383,15.2202693800077,16.2455101489612,16.2455101489612,15.2202693800077,15.2202693800077,15.2202693800077,16.220252772383,16.220252772383,15.2524293147026,15.2202693800077,16.2455101489612,15.2471833464414,15.2471833464414,15.2471833464414,15.2471833464414,16.2455101489612,15.2202693800077,7.34687688749444,0.237907545067406,1.03759336929261,0.237907545067406,1.91222383627022,3.19007836894331,50.9866315812292,2.15791566100253,0.237907545067406,0.237907545067406,40.242224093606,2.27960522898154,21.8017568099454,15.718670427234,14.2069208486568,13.7461485515034,14.255405992114,14.8787297844944,12.2399591502586,13.9426181185601,15.820764836126,15.7606027803508,16.6101354600136,19.2077224053244,20.5989465750072,16.7450470288978,14.3908512604363,16.1213088798646,10.2399511717586,10.2399511717586,11.1524257451014,14.5669694857922,14.3463096300059,9.04856894762923,12.1538718110732,11.7803480423967,11.9965244967032,11.8303254393106,13.780297529444,14.8201416997274,9.83039165038708,12.7623117028225,15.370640845456,14.7199388585687,13.8020505722882,16.6125434536678,17.687187453069,14.7199388585687,15.991141297606,15.6887411859588,17.1218164924169,13.452011002077,14.2195850853673,17.0322224034329,